750
56
357
772
989
859
340
655
733
722
493
646
914
205
742
691
906
328
293
420
766
869
944
672
135
540
354
334
948
220
610
954
575
802
228
531
14
323
421
453
17
178
450
764
803
551
574
692
687
639
193
591
875
992
771
45
827
745
296
416
804
308
667
970
279
356
9
922
809
560
921
626
75
864
301
132
316
176
849
379
843
78
839
272
312
287
141
364
457
959
933
602
821
300
556
212
768
431
900
629
899
485
313
964
311
170
351
486
532
836
505
536
983
880
380
671
546
282
520
63
533
971
791
473
41
755
790
969
519
436
208
693
654
592
966
682
826
348
538
267
812
644
467
196
303
515
787
203
994
893
890
678
274
283
275
621
174
614
281
346
776
679
704
184
477
842
309
140
724
142
951
507
559
557
975
743
844
905
179
506
854
377
851
863
232
757
822
472
448
107
690
136
239
605
786
433
576
201
647
332
7
148
616
286
488
83
829
230
727
400
305
499
34
149
317
694
938
112
240
925
935
718
111
456
16
955
652
73
820
987
393
216
706
807
593
500
43
110
412
440
439
811
896
389
972
387
229
60
761
325
886
831
729
913
555
638
255
463
219
462
747
541
738
177
931
261
89
211
889
38
233
730
441
222
29
596
39
352
251
347
451
90
81
22
28
109
122
121
606
483
739
302
775
42
284
669
396
411
315
707
48
442
33
166
924
767
489
978
926
92
13
867
145
397
741
235
77
378
611
713
213
997
852
604
225
120
570
870
480
320
497
241
642
917
98
530
247
106
430
777
276
784
785
908
850
719
299
391
554
907
594
712
370
23
103
950
367
294
569
194
526
597
845
650
877
645
748
848
895
641
21
381
778
369
159
516
361
277
874
823
460
358
502
245
265
35
70
154
197
268
326
1
819
658
435
292
677
887
962
210
258
656
406
688
423
539
756
799
508
998
24
888
860
936
627
5
429
187
217
550
181
50
192
164
3
87
561
746
514
708
186
125
25
202
855
830
468
567
74
100
663
349
923
209
298
680
62
754
878
613
167
11
4
963
19
779
588
549
314
139
113
446
736
939
127
342
425
702
362
986
360
792
623
725
865
260
780
374
479
640
333
976
491
319
815
504
254
942
329
728
732
734
649
565
278
584
189
648
509
404
723
587 8
84 982
904 525
883 927
618 884
64 615
571 513
598 701
54 383
990 710
601 953
879 674
793 521
115 307
586 696
487 49
322 573
660 684
36 758
810 128
248 676
981 32
68 797
449 495
104 304
119 475
619 563
930 511
466 753
363 603
384 543
224 152
402 252
542 919
151 720
945 130
117 751
131 158
503 88
375 392
999 816
968 634
82 415
585 99
892 18
382 636
711 458
637 837
266 817
345 368
608 437
918 6
102 929
94 256
952 841
891 534
163 2
957 759
20 394
624 246
977 470
341 15
934 52
947 236
773 80
242 943
288 85
417 31
182 714
897 459
443 492
331 548
795 408
940 101
321 422
689 129
61 199
97 271
928 161
973 700
191 946
173 30
993 58
600 590
223 190
763 413
452 625
749 578
206 249
336 670
91 765
310 675
715 612
40 695
195 57
798 432
632 306
257 617
373 259
760 965
840 123
26 116
27 262
227 522
476 93
716 862
661 419
157 581
403 974
65 633
165 464
662 894
956 960
873 664
162 577
86 665
66 566
171 428
872 630
114 635
589 386
794 455
438 920
752 912
579 643
234 595
444 607
991 847
881 153
537 833
985 731
269 424
628 338
996 168
490 698
545 916
882 401
371 808
243 937
395 547
59 657
564 399
133 10
221 967
474 735
858 146
327 825
344 501
37 846
911 447
76 494
250 330
407 95
53 717
343 175
961 160
218 697
705 405
915 838
726 496
155 832
409 238
469 264
552 231
801 853
263 126
876 215
426 169
871 651
427 244
898 861
901 769
0 512
517 372
622 398
388 134
932 673
108 740
796 857
96 910
434 51
156 138
204 510
183 253
198 471
562 12
297 270
770 949
885 902
289 137
868 800
903 659
686 737
529 366
866 703
188 583
544 813
67 681
185 783
805 535
653 482
72 609
553 385
359 762
788 143
280 46
147 290
44 774
339 683
214 285
105 909
79 568
291 71
273 365
118 324
350 144
789 834
599 523
481 484
528 226
814 979
465 818
572 461
958 498
518 781
445 699
200 835
69 478
390 668
980 337
828 410
55 180
47 172
353 414
988 295
995 335
150 454
806 984
824 207
418 744
721 631
355 941
376 580
856 709
524 582
527 558
666 750
124 685
318 782
620 237
